97
48
13
95
14
53
55
30
95
6
100
38
20
25
37
11
12
53
53
68
17
100
6
23
9
99
88
33
89
81
13
80
50
22
18
35
6
42
46
79
72
38
88
90
14
87
26
37
94
0
23
33
55
78
36
24
30
72
101
82
84
59
3
89
38
39
82
85
19
43
67
35
74
47
51
26
67
29
98
98
29
90
20
7
72
36
25
77
10
16
54
4
77
4
61
64
63
39
28
82
24
56
101
46
100
43
21
39
56
14
4
38
14
33
63
59
89
21
44
10
98
91
60
85
80
50
38
99
3
96
76
11
33
74
96
30
72
43
18
77
30
88
85
1
33
18
0
65
75
97
82
26
68
57
90
28
95
34
43
7
75
17
62
93
29
83
5
48
96
27
98
21
95
99
93
51
9
99
98
10
100
36
44
56
30
88
8
21
50
7
48
67
25
38
98
40
22
42
13
62
4
48
5
73
68
27
16
37
75
3
54
7
31
61
68
69
73
50
92
65
17
7
19
92
70
67
82
3
19
38
16
69
59
35
69
36
87
92
5
89
62
72
26
95
9
39
54
88
43
83
14
15
61
99
12
91
61
51
62
34
45
27
8
63
9
63
68
9
48
31
72
64
89
23
17
20
2
72
1
61
66
38
0
15
72
95
101
98
83
84
1
15
17
58
69
8
96
4
36
36
97
66
78
17
46
39
72
84
34
20
14
13
101
32
42
5
41
13
39
51
27
29
39
97
37
60
62
77
59
50
45
90
25
24
26
72
93
13
28
32
24
86
78
19
82
8
17
76
67
93
6
24
39
61
58
29
69
48
50
61
42
66
8
6
60
69
54
23
2
78
41
61
22
49
78
70
85
1
20
79
45
101
46
25
83
88
73
94
3
85
88
97
66
59
45
24
90
10
34
50
65
9
31
56
60
46
61
81
31
41
62
46
6
8
81
79
16
0
80
94
69
74
4
6
48
61
45
92
92
35
90
98
34
70
13
24
49
93
101
55
36
90
11
89
2
35
0
41
65
83
66
77
26
60
72
71
31
42
48
56
42
64
53
9
75
71
45
75
41
51
47
51
61
78
41
55
97
73
31
92
34
79
98
20
79
55
1
74
61
89
29
16
66
91
77
32
78
24
84
34
94
6
91
95
26
67
62
90
40
64
77
56
77
19
85
56
77
97
95
55
82
66
44
87
26
0
98
34
48
38
16
84
67
62
59
38
3
99
32
88
72
87
70
95
37
52
86
79
4
4
44
48
12
96
75
29
79
18
99
81
64
73
30
62
5
73
63
39
17
81
33
4
36
13
7
32
83
14
74
40
11
57
34
9
50
7
71
36
6
68
12
13
96
73
27
14
9
67
46
32
15
96
87
54
57
3
61
96
99
80
80
46
0
91
25
22
67
67
2
36
61
97
19
42
7
65
14
100
71
42
92
23
38
52
46
52
89
79
79
36
27
8
53
98
47
27
11
86
62
39
21
3
34
50
37
8
26
11
28
92
0
50
73
56
59
44
7
42
36
81
7
1
14
77
25
82
94
70
85
44
59
12
73
29
64
77
28
100
57
101
28
12
50
22
16
25
13
70
19
83
41
60
97
21
42
82
8
38
42
18
38
54
71
6
45
23
12
20
22
70
59
19
81
81
77
49
17
89
46
97
13
11
16
29
3
37
2
40
93
64
6
86
80
10
9
69
29
89
94
91
63
37
46
43
57
72
15
77
99
35
29
11
25
74
69
1
91
5
45
42
1
17
77
54
61
36
101
43
25
5
22
7
37
16
55
77
77
21
56
72
75
0
94
25
68
80
11
56
13
21
42
61
5
40
63
75
57
7
93
101
91
88
36
86
34
91
23
91
92
13
22
18
98
42
85
51
74
69
62
18
70
3
63
10
76
84
61
1
21
97
62
94
61
1
74
81
53
15
33
47
75
46
82
33
51
24
77
77
68
32
16
73
92
16
70
59
49
77
36
0
15
28
12
35
95
8
6
95
34
25
42
0
84
81
16
100
69
91
34
24
26
14
58
1
72
94
0
41
10
56
55
90
56
65
0
6
8
81
50
68
86
98
16
98
87
84
34
42
68
83
32
76
35
55
30
32
78
4
13
96
98
42
24
77
37
29
70
90
13
99
98
35
5
71
42
69
86
92
93
62
91
35
56
43
46
23
77
26
61
53
95
14
6
92
89
48
28
29
47
36
76
101
1
18
6
64
98
94
82
63
13
42
64
52
90
75
37
63
2
53
91
36
81
34
31
55
72
13
34
39
65
83
62
100
74
88
15
49
58
27
32
99
38
67
99
36
84
23
100
51
28
22
55
100
99
64
20
47
17
44
51
14
82
76
57
11
79
29
24
95
87
87
69
41
95
56
81
34
2
94
85
48
30
78
10
60
23
43
30
101
30
73
77
83
21
92
76
77
100
32
5
96
13
44
46
90
37
96
6
25
85
5
83
25
28
20
67
34
0
41
64
44
80
81
38
71
41
4
41
80
35
1
47
60
64
66
73
68
2
66
25
53
37
22
45
35
53
26
49
67
62
29
73
38
29
50
49
70
73
14
17
67
2
8
49
69
0
75
99
67
45
65
84
50
47
90
72
6
94
52
33
77
84
15
84
70
11
95
3
4
20
98
67
66
12
9
97
61
89
86
39
88
91
6
74
57
31
64
72
1
64
6
7
8
74
87
47
29
58
70
48
24
79
61
97
22
70
88
29
100
36
34
56
39
65
87
36
14
92
50
38
48
5
6
48
7
12
81
35
82
82
18
87
25
3
101
22
101
53
61
28
9
81
48
86
100
65
72
68
94
86
62
64
86
49
7
77
95
92
56
100
81
25
75
25
72
96
22
65
11
43
71
48
68
57
11
15
70
14
95
46
55
46
9
7
51
21
20
23
74
5
19
56
100
32
12
83
25
0
89
64
67
98
46
41
2
101
38
33
55
